costo,precio,existencia,minimoStock,idSucursal,idProducto,created_at,updated_at
23.00,23.00,0,0,1,1,,
33.00,33.00,3,0,1,2,,
60.00,60.00,2,0,1,3,,
25.00,25.00,3,0,1,4,,
18.00,18.00,3,0,1,5,,
65.00,65.00,0,0,1,6,,
13.00,13.00,0,0,1,7,,
20.00,20.00,1,0,1,8,,
50.00,50.00,0,0,1,9,,
16.00,16.00,0,0,1,10,,
20.00,20.00,0,0,1,11,,
20.00,20.00,1,0,1,12,,
52.00,52.00,0,0,1,13,,
20.00,20.00,0,0,1,14,,
48.00,48.00,0,0,1,15,,
20.00,20.00,1,0,1,16,,
13.00,13.00,0,0,1,17,,
20.00,20.00,2,0,1,18,,
22.00,22.00,1,0,1,19,,
45.00,45.00,0,0,1,20,,
15.00,15.00,0,0,1,21,,
20.00,20.00,0,0,1,22,,
20.00,20.00,1,0,1,23,,
20.00,20.00,1,0,1,24,,
20.00,20.00,1,0,1,25,,
20.00,20.00,1,0,1,26,,
16.00,16.00,0,0,1,27,,
20.00,20.00,0,0,1,28,,
22.00,22.00,0,0,1,29,,
22.00,22.00,0,0,1,30,,
22.00,22.00,1,0,1,31,,
29.00,29.00,0,0,1,32,,
39.00,39.00,0,0,1,33,,
45.00,45.00,0,0,1,34,,
22.00,22.00,1,0,1,35,,
20.00,20.00,0,0,1,36,,
19.00,19.00,0,0,1,37,,
25.00,25.00,3,0,1,38,,
15.00,15.00,0,0,1,39,,
65.00,65.00,0,0,1,40,,
115.00,115.00,0,0,1,41,,
20.00,20.00,0,0,1,42,,
38.00,38.00,0,0,1,43,,
5.00,5.00,4,0,1,44,,
56.00,56.00,0,0,1,45,,
8.00,8.00,1,0,1,46,,
34.00,34.00,0,0,1,47,,
18.00,18.00,10,0,1,48,,
22.00,22.00,10,0,1,49,,
10.00,10.00,0,0,1,50,,
45.00,45.00,0,0,1,51,,
52.00,52.00,1,0,1,52,,
25.00,25.00,0,0,1,53,,
150.00,150.00,0,0,1,54,,
45.00,45.00,3,0,1,55,,
36.00,36.00,0,0,1,56,,
28.00,28.00,0,0,1,57,,
20.00,20.00,0,0,1,58,,
16.00,16.00,0,0,1,59,,
15.00,15.00,0,0,1,60,,
36.00,36.00,0,0,1,61,,
19.00,19.00,0,0,1,62,,
30.00,30.00,0,0,1,63,,
25.00,25.00,0,0,1,64,,
15.00,15.00,0,0,1,65,,
15.00,15.00,0,0,1,66,,
12.00,12.00,0,0,1,67,,
14.00,14.00,0,0,1,68,,
16.00,16.00,0,0,1,69,,
55.00,55.00,0,0,1,70,,
46.00,46.00,0,0,1,71,,
15.00,15.00,0,0,1,72,,
19.00,19.00,0,0,1,73,,
20.00,20.00,0,0,1,74,,
18.00,18.00,0,0,1,75,,
19.00,19.00,0,0,1,76,,
19.00,19.00,0,0,1,77,,
52.00,52.00,0,0,1,78,,
100.00,100.00,0,0,1,79,,
100.00,100.00,0,0,1,80,,
150.00,150.00,0,0,1,81,,
12.00,12.00,0,0,1,82,,
25.00,25.00,0,0,1,83,,
16.00,16.00,0,0,1,84,,
20.00,20.00,0,0,1,85,,
7.00,7.00,0,0,1,86,,
8.00,8.00,4,0,1,87,,
8.00,8.00,0,0,1,88,,
30.00,30.00,0,0,1,89,,
125.00,125.00,0,0,1,90,,
189.00,189.00,0,0,1,91,,
108.00,108.00,0,0,1,92,,
98.00,98.00,0,0,1,93,,
140.00,140.00,1,0,1,94,,
189.00,189.00,0,0,1,95,,
135.00,135.00,1,0,1,96,,
68.00,68.00,1,0,1,97,,
80.00,80.00,0,0,1,98,,
26.00,26.00,0,0,1,99,,
38.00,38.00,3,0,1,100,,
96.00,96.00,5,0,1,101,,
47.00,47.00,0,0,1,102,,
118.00,118.00,5,0,1,103,,
5.00,5.00,14,0,1,104,,
55.00,55.00,3,0,1,105,,
134.00,134.00,0,0,1,106,,
5.00,5.00,14,0,1,107,,
5.00,5.00,0,0,1,108,,
42.00,42.00,0,0,1,109,,
105.00,105.00,1,0,1,110,,
38.00,38.00,6,0,1,111,,
37.00,37.00,8,0,1,112,,
34.00,34.00,10,0,1,113,,
4.00,4.00,14,0,1,114,,
4.00,4.00,14,0,1,115,,
5.00,5.00,40,0,1,116,,
5.00,5.00,0,0,1,117,,
48.00,48.00,1,0,1,118,,
118.00,118.00,0,0,1,119,,
95.00,95.00,2,0,1,120,,
102.00,102.00,1,0,1,121,,
43.00,43.00,3,0,1,122,,
3.00,3.00,0,0,1,123,,
56.00,56.00,4,0,1,124,,
132.00,132.00,2,0,1,125,,
236.00,236.00,0,0,1,126,,
225.00,225.00,0,0,1,127,,
80.00,80.00,0,0,1,128,,
178.00,178.00,0,0,1,129,,
205.00,205.00,0,0,1,130,,
175.00,175.00,0,0,1,131,,
156.00,156.00,0,0,1,132,,
156.00,156.00,0,0,1,133,,
68.00,68.00,0,0,1,134,,
70.00,70.00,0,0,1,135,,
168.00,168.00,0,0,1,136,,
85.00,85.00,0,0,1,137,,
79.00,79.00,0,0,1,138,,
80.00,80.00,0,0,1,139,,
169.00,169.00,0,0,1,140,,
25.00,25.00,0,2,1,141,,
68.00,68.00,0,1,1,142,,
4.00,4.00,14,0,1,143,,
36.00,36.00,0,2,1,144,,
102.00,102.00,0,1,1,145,,
35.00,35.00,2,3,1,146,,
65.00,65.00,0,1,1,147,,
45.00,45.00,7,0,1,148,,
122.00,122.00,2,0,1,149,,
216.00,216.00,0,0,1,150,,
62.00,62.00,2,0,1,151,,
168.00,168.00,0,1,1,152,,
5.00,5.00,0,0,1,153,,
68.00,68.00,1,1,1,154,,
178.00,178.00,3,0,1,155,,
52.00,52.00,11,0,1,156,,
148.00,148.00,3,0,1,157,,
129.00,129.00,0,1,1,158,,
5.00,5.00,38,0,1,159,,
43.00,43.00,0,0,1,160,,
125.00,125.00,0,0,1,161,,
45.00,45.00,1,0,1,162,,
26.00,26.00,1,0,1,163,,
34.00,34.00,0,0,1,164,,
39.00,39.00,0,0,1,165,,
55.00,55.00,0,0,1,166,,
49.00,49.00,1,0,1,167,,
51.00,51.00,1,0,1,168,,
62.00,62.00,0,0,1,169,,
28.00,28.00,0,0,1,170,,
52.00,52.00,0,0,1,171,,
22.00,22.00,0,0,1,172,,
65.00,65.00,0,0,1,173,,
58.00,58.00,1,0,1,174,,
26.00,26.00,1,0,1,175,,
60.00,60.00,2,0,1,176,,
45.00,45.00,0,0,1,177,,
55.00,55.00,0,0,1,178,,
30.00,30.00,0,0,1,179,,
20.00,20.00,0,0,1,180,,
16.00,16.00,0,0,1,181,,
27.00,27.00,0,0,1,182,,
19.00,19.00,1,0,1,183,,
27.00,27.00,3,0,1,184,,
46.00,46.00,2,0,1,185,,
43.00,43.00,1,0,1,186,,
46.00,46.00,4,0,1,187,,
23.00,23.00,0,0,1,188,,
43.00,43.00,0,0,1,189,,
44.00,44.00,4,0,1,190,,
25.00,25.00,0,0,1,191,,
20.00,20.00,0,0,1,192,,
44.00,44.00,1,0,1,193,,
42.00,42.00,0,0,1,194,,
32.00,32.00,1,0,1,195,,
29.00,29.00,0,0,1,196,,
14.00,14.00,0,0,1,197,,
18.00,18.00,0,0,1,198,,
15.00,15.00,0,0,1,199,,
42.00,42.00,0,0,1,200,,
20.00,20.00,0,0,1,201,,
42.00,42.00,0,0,1,202,,
25.00,25.00,2,0,1,203,,
